1791201195.743 11.40 14.00 12.71 11/13768 0,0 39
1791201200.799 11.37 13.95 12.70 16/13931 0,0 39
1791201205.851 11.34 13.90 12.69 11/14030 0,0 39
1791201210.899 11.23 13.83 12.68 10/14047 527,0 39
1791201215.950 11.05 13.75 12.66 6/14378 891,0 49
1791201220.997 11.05 13.71 12.65 15/14410 893,0 61
1791201226.042 11.52 13.76 12.67 6/14459 893,0 82
1791201231.091 11.88 13.80 12.69 6/14443 2181,0 82
1791201236.138 12.37 13.87 12.72 6/14491 2181,0 83
1791201241.190 12.74 13.92 12.74 11/14450 5801,0 82
1791201246.237 12.84 13.92 12.75 6/14651 5809,0 87
1791201251.289 12.78 13.89 12.75 8/14521 7597,9 87
1791201256.338 12.87 13.89 12.75 14/14560 11733,96 87
1791201261.393 12.64 13.83 12.74 11/14585 11733,0 87
1791201266.448 12.35 13.75 12.72 17/14767 13985,8 87
1791201271.499 12.48 13.75 12.73 9/14849 16389,0 87
1791201276.550 12.44 13.72 12.72 11/14877 16389,87 87
1791201285.652 11.83 13.55 12.68 11/15052 16389,0 87
1791201290.705 11.60 13.47 12.66 18/15010 16389,99 87
1791201295.762 11.63 13.45 12.65 10/14987 16389,1 87
1791201300.822 11.58 13.41 12.64 160/14986 16391,0 87
1791201305.880 11.46 13.35 12.63 13/14950 16391,87 87
1791201310.934 11.26 13.28 12.61 12/14930 16391,66 87
1791201315.983 11.24 13.24 12.60 16/14917 16391,0 87
1791201321.033 11.30 13.22 12.60 13/14925 16391,0 87
1791201326.084 11.44 13.22 12.60 11/14922 16391,0 87
1791201331.141 11.16 13.13 12.57 15/14930 16391,74 87
1791201336.193 11.07 13.08 12.56 10/14946 16391,84 87
1791201341.254 11.06 13.04 12.55 11/14931 16391,91 87
1791201346.304 10.90 12.97 12.53 8/14968 16391,1 87
1791201351.352 11.22 13.01 12.55 16/14932 16391,0 87
1791201356.402 11.37 13.01 12.55 17/14921 16391,0 87
1791201361.455 11.26 12.96 12.53 12/14947 16391,0 87
1791201366.510 11.32 12.94 12.53 12/14968 16391,20 87
1791201371.568 11.37 12.93 12.53 12/14921 16391,4 87
1791201376.621 11.26 12.88 12.51 8/14907 16391,0 87
1791201381.671 11.48 12.90 12.52 14/14954 16391,0 87
1791201386.723 11.44 12.86 12.51 10/14977 16393,0 87
1791201391.775 11.09 12.77 12.48 11/14919 16393,84 87
1791201396.830 10.92 12.70 12.47 16/14944 16393,0 87
1791201406.754 11.00 12.66 12.45 15/14910 16393,0 87
1791201411.812 11.00 12.64 12.45 77/14902 16393,0 87
1791201416.867 11.08 12.62 12.44 13/14922 16393,4 87
1791201421.920 10.99 12.58 12.43 153/14920 16393,2 87
1791201426.974 10.67 12.49 12.40 11/14937 16393,0 87
1791201432.027 10.70 12.46 12.39 12/14933 16393,25 87
1791201437.078 10.56 12.41 12.38 9/14948 16393,3 87
1791201442.127 11.08 12.48 12.40 15/14984 16393,0 87
1791201447.180 10.99 12.44 12.39 10/14931 16393,96 87
1791201452.232 10.75 12.37 12.36 18/14963 16393,78 87
1791201457.282 10.69 12.33 12.35 14/14960 16393,0 87
1791201462.331 10.56 12.27 12.33 16/14956 16393,0 87
1791201467.386 10.59 12.25 12.33 11/14947 16393,0 87
1791201472.433 10.30 12.16 12.30 14/14929 16393,0 87
1791201477.487 10.84 12.24 12.32 10/14969 16393,80 87
1791201482.537 10.61 12.17 12.30 15/14936 16393,0 87
1791201487.586 11.77 12.39 12.37 15/14933 16393,0 87
1791201492.637 11.62 12.35 12.35 10/15022 16393,53 87
1791201497.702 11.81 12.37 12.36 10/14978 16393,89 87
1791201502.753 11.83 12.37 12.36 11/14846 16393,95 88
1791201507.805 11.68 12.33 12.35 17/14710 16393,70 90
1791201512.865 11.87 12.36 12.36 14/14737 16393,36 87
1791201517.917 12.52 12.48 12.40 16/14724 16393,0 87
1791201522.967 12.32 12.44 12.39 15/14716 16393,25 90
1791201528.019 12.05 12.38 12.37 14/14730 16393,0 87
1791201533.071 12.05 12.38 12.36 8/14704 16395,0 87
1791201538.121 11.88 12.34 12.35 22/14717 16395,0 87
1791201543.174 12.53 12.46 12.39 9/14758 16395,0 87
1791201548.224 12.17 12.39 12.37 13/14679 16395,0 87
1791201553.273 11.76 12.30 12.34 12/14648 16395,0 87
1791201558.321 11.86 12.31 12.34 12/14659 16395,1 87
1791201563.377 12.03 12.34 12.35 7/14644 16395,0 87
1791201568.425 11.79 12.29 12.33 13/14651 16395,0 87
1791201573.476 11.48 12.21 12.31 13/14654 16395,0 87
1791201578.526 11.28 12.16 12.29 12/14656 16395,11 87
1791201583.578 11.34 12.16 12.29 11/14651 18807,4 87
1791201588.627 11.55 12.19 12.30 14/14703 18807,0 87
1791201593.678 11.59 12.18 12.30 13/14651 18807,0 87
1791201598.728 12.90 12.45 12.38 11/14655 18807,0 87
1791201603.781 12.75 12.42 12.38 9/14661 18807,26 87
1791201608.831 12.45 12.37 12.36 14/14662 18807,30 87
1791201613.880 12.33 12.34 12.35 12/14656 18807,96 87
1791201618.928 11.99 12.27 12.33 13/14656 21561,97 87
1791201623.978 11.75 12.22 12.31 13/14659 21561,0 87
1791201629.029 11.77 12.21 12.31 18/14672 21561,0 87
1791201634.080 12.11 12.27 12.33 5/14662 21561,0 87
1791201639.134 11.78 12.20 12.30 12/14613 21561,0 87
1791201644.182 12.04 12.25 12.32 14/14608 21561,58 87
1791201649.231 11.95 12.23 12.31 7/14601 21561,31 87
1791201654.282 11.64 12.16 12.29 13/14608 21561,0 87
1791201659.333 11.50 12.12 12.27 14/14624 21561,0 87
1791201664.382 11.70 12.15 12.28 14/14672 21561,0 87
1791201669.433 11.57 12.12 12.27 14/14619 21561,53 87
1791201674.486 11.52 12.10 12.26 20/14611 21561,0 87
1791201679.539 15.24 12.86 12.51 12/14605 21561,0 87
1791201684.595 14.82 12.81 12.50 12/14608 21561,85 87
1791201689.646 14.36 12.75 12.48 13/14615 21561,81 87
1791201694.700 14.09 12.72 12.47 11/14625 21561,98 87
1791201699.752 13.68 12.66 12.45 8/14625 21561,90 87
1791201704.804 13.55 12.65 12.45 11/14619 21561,79 87
1791201709.854 13.10 12.57 12.42 11/14613 21561,4 87
1791201714.903 13.09 12.58 12.43 8/14612 21561,44 87
1791201719.955 13.01 12.57 12.42 12/14621 21561,0 87
1791201725.003 13.17 12.61 12.44 13/14626 21561,0 87
1791201730.059 13.07 12.60 12.44 12/14619 21561,0 87
1791201735.112 12.89 12.58 12.43 13/14588 21561,77 87
1791201740.164 12.90 12.58 12.43 9/14624 21561,93 87
1791201745.219 12.67 12.54 12.42 11/14580 21561,0 87
1791201750.273 13.02 12.62 12.45 13/14652 21561,0 87
1791201755.324 12.94 12.61 12.44 10/14789 21561,30 87
1791201760.378 13.02 12.63 12.45 12/14795 21561,54 87
1791201765.431 12.78 12.58 12.44 9/14775 21561,2 87
1791201770.481 12.56 12.54 12.43 13/14796 21561,0 87
1791201775.531 12.43 12.52 12.42 11/14813 21561,0 87
1791201780.582 12.48 12.52 12.42 13/14771 21561,53 87
1791201785.635 12.52 12.53 12.43 12/14792 21561,1 89
1791201790.691 12.80 12.59 12.45 19/14802 21561,85 87
1791201795.750 13.05 12.65 12.46 14/14774 21561,25 87
1791201800.798 12.97 12.64 12.46 19/14775 21561,0 87
1791201805.981 12.89 12.63 12.46 14/14779 21561,0 87
1791201811.032 12.74 12.60 12.45 14/14820 21561,32 87
1791201816.084 13.16 12.69 12.48 12/14787 21561,3 87
1791201821.132 13.15 12.69 12.48 13/14795 21561,0 87
1791201826.181 13.30 12.73 12.50 7/14781 21561,0 87
1791201831.233 13.35 12.75 12.51 14/14787 21561,85 87
1791201836.283 13.08 12.71 12.49 12/14384 815,1 41
1791201841.334 12.92 12.68 12.48 11/14414 0,0 39
1791201846.381 12.52 12.60 12.46 57/14423 0,0 39
1791201851.429 12.32 12.56 12.45 16/14378 0,0 39
1791201856.480 12.06 12.50 12.43 22/14727 657,0 49
1791201861.537 12.21 12.52 12.44 18/14758 893,0 50
1791201866.739 12.03 12.48 12.42 11/14793 893,0 82
1791201871.788 11.79 12.42 12.40 42/14796 893,0 82
1791201876.843 11.73 12.40 12.40 14/15082 2181,0 101
1791201881.897 13.27 12.71 12.50 16/15034 4193,0 91
1791201886.953 13.65 12.80 12.53 13/15002 5801,0 90
1791201892.012 13.76 12.83 12.54 21/15298 5809,0 96
1791201897.066 13.62 12.82 12.54 16/15139 11733,1 100
1791201902.120 13.25 12.76 12.52 14/15056 11735,83 98
1791201907.173 12.99 12.71 12.50 12/15066 16389,21 98
1791201912.228 30.53 16.35 13.68 10/15116 16389,0 98
1791201917.280 28.88 16.24 13.66 10/15092 16389,0 98
1791201922.343 29.29 16.54 13.77 12/15213 16391,0 98
1791201927.481 27.67 16.41 13.75 15/15094 16391,0 98
1791201932.536 26.41 16.34 13.74 23/15067 16391,40 98
1791201937.586 25.50 16.32 13.74 13/15100 16391,44 98
1791201942.640 24.34 16.23 13.73 13/15091 16391,0 98
1791201947.694 24.23 16.34 13.78 11/15068 16391,14 98
1791201952.754 39.59 19.66 14.87 13/15098 16391,0 98
1791201957.809 37.30 19.51 14.84 38/15107 16391,9 98
1791201962.864 46.40 21.70 15.58 11/15084 16391,0 98
1791201967.916 44.05 21.62 15.58 13/15138 16393,0 98
1791201972.967 42.04 21.57 15.60 10/15072 16393,0 100
1791201978.023 39.64 21.41 15.58 14/15057 16393,10 101
1791201983.105 37.34 21.24 15.56 11/15066 16393,16 101
1791201988.274 35.15 21.05 15.53 15/15088 16393,79 101
1791201993.330 33.06 20.85 15.49 15/15054 16393,88 101
1791201998.380 31.93 20.82 15.51 14/15072 16393,0 101
1791202003.430 30.50 20.71 15.50 15/15067 16393,95 101
1791202008.484 28.93 20.55 15.48 15/15048 16393,88 101
1791202013.549 27.42 20.37 15.45 17/15061 16393,0 104
1791202018.601 25.86 20.17 15.41 15/15068 16393,81 104
1791202023.652 25.23 20.13 15.42 13/15061 16393,43 102
1791202028.703 24.09 19.98 15.40 12/15060 16393,32 104
1791202033.759 22.96 19.81 15.37 15/15172 16393,0 104
1791202038.814 22.33 19.73 15.37 18/15038 16393,84 104
1791202043.866 21.42 19.59 15.34 103/15146 16393,0 101
1791202049.048 20.58 19.45 15.32 14/14913 16393,0 101
1791202054.103 20.30 19.40 15.33 12/14906 16393,0 101
1791202059.154 19.39 19.23 15.29 15/14905 16393,99 101
1791202064.206 18.72 19.09 15.27 10/14908 16393,34 101
1791202069.257 18.18 18.98 15.25 18/14890 18805,81 101
1791202074.309 37.63 22.99 16.57 13/14896 18805,39 101
1791202079.364 35.81 22.86 16.57 12/14892 18805,0 101
1791202084.419 35.51 23.01 16.65 9/14891 18805,0 101
1791202089.474 33.79 22.86 16.63 11/14917 21561,0 101
1791202094.525 31.72 22.62 16.59 16/14890 21561,0 101
1791202099.582 30.14 22.44 16.56 16/14883 21561,87 101
1791202104.635 28.77 22.28 16.54 9/14981 21561,0 101
1791202109.813 27.18 22.06 16.50 16/14892 21561,78 101
1791202114.866 47.67 26.39 17.93 11/14886 21561,18 101
1791202119.919 44.89 26.17 17.91 13/14906 21561,0 101
1791202124.968 59.72 29.56 19.05 15/14663 21561,0 101
1791202130.020 55.82 29.25 19.00 18/14701 21561,18 101
1791202135.073 52.79 29.06 19.00 17/14713 21561,41 101
1791202140.123 49.52 28.78 18.96 244/14825 21561,10 101
1791202145.179 44.59 28.41 18.94 15/14808 21561,0 101
1791202150.231 42.46 28.23 18.94 13/14832 21561,2 101
1791202155.284 39.86 27.93 18.89 25/14904 21561,0 101
1791202160.339 37.47 27.63 18.84 9/14864 21561,0 101
1791202165.391 39.44 28.20 19.07 12/14894 21561,49 101
1791202170.570 37.08 27.90 19.03 13/14877 21561,70 101
1791202175.625 34.75 27.57 18.97 11/14871 21561,0 101
1791202180.676 33.09 27.34 18.94 16/14898 21561,0 101
1791202185.733 31.48 27.11 18.91 12/14906 21561,36 101
1791202190.784 30.32 26.94 18.90 14/14861 21561,81 101
1791202195.835 28.85 26.69 18.86 16/14885 21561,26 101
1791202200.886 27.66 26.48 18.83 15/14874 21561,69 101
1791202205.939 26.25 26.21 18.79 7/14456 817,0 54
1791202210.989 25.03 25.95 18.74 14/14529 0,0 53
1791202216.042 23.74 25.67 18.69 12/14569 0,0 53
1791202221.096 22.96 25.48 18.66 12/14457 527,0 53
1791202226.160 23.29 25.50 18.71 12/14808 893,0 63
1791202231.341 22.38 25.28 18.67 7/14860 893,0 96
1791202236.391 20.99 24.94 18.60 10/14902 893,0 96
1791202241.441 38.69 28.54 19.80 302/14883 2181,0 96
1791202246.492 36.23 28.20 19.74 16/14886 2181,0 97
1791202251.544 33.97 27.87 19.67 12/14876 5801,0 96
1791202256.606 32.29 27.62 19.64 15/15053 5809,0 101
1791202261.656 30.43 27.31 19.58 11/14868 11731,0 101
1791202266.710 28.79 27.02 19.53 13/14909 11735,16 101
1791202271.761 27.29 26.74 19.48 13/14890 16389,0 101
1791202276.810 25.82 26.45 19.42 18/14853 16389,86 101
1791202281.864 26.08 26.49 19.47 17/14900 16389,83 101
1791202286.925 24.95 26.25 19.43 11/14895 16391,45 101
1791202292.087 23.83 25.99 19.39 8/14928 16391,20 101
1791202297.139 22.72 25.73 19.33 14/14900 16391,0 101
1791202302.188 21.94 25.52 19.30 15/14901 16391,20 101
1791202307.239 21.47 25.36 19.28 11/14877 16391,31 101
1791202312.290 20.95 25.19 19.26 11/14893 16391,0 101
1791202317.350 20.55 25.03 19.24 12/14912 16391,86 101
1791202322.400 19.47 24.73 19.18 10/14954 16393,0 101
1791202327.452 27.84 26.38 19.74 10/14927 16393,0 101
1791202332.501 26.97 26.23 19.72 14/14894 16393,84 101
1791202337.555 25.37 25.91 19.66 17/14854 16393,13 101
1791202342.606 23.98 25.61 19.59 13/14875 16393,0 101
1791202347.667 23.26 25.43 19.57 11/14992 16393,0 101
1791202352.830 22.12 25.16 19.51 10/14880 16393,0 101
1791202357.883 21.31 24.94 19.47 14/14891 16393,64 101
1791202362.934 20.56 24.73 19.43 11/14886 16393,0 101
1791202367.988 19.56 24.45 19.37 11/14903 16393,77 101
1791202373.042 18.95 24.24 19.33 13/14918 16393,74 101
1791202378.105 18.23 24.00 19.28 12/14933 16393,60 101
1791202383.158 17.89 23.84 19.25 12/14927 16393,0 101
1791202388.212 17.42 23.64 19.21 12/14931 16393,0 101
1791202393.267 17.23 23.50 19.19 13/14924 16393,75 101
1791202398.325 16.49 23.24 19.13 16/14928 16393,52 101
1791202403.375 16.69 23.17 19.13 13/14976 16393,91 101
1791202408.441 15.99 22.92 19.07 9/14937 16393,14 101
1791202413.559 15.75 22.75 19.03 11/14937 18807,9 101
1791202418.610 15.37 22.56 18.99 10/14837 18807,0 101
1791202423.667 14.94 22.35 18.94 9/14839 18807,30 101
1791202428.721 14.55 22.14 18.89 16/14860 21561,2 101
1791202433.769 15.22 22.16 18.91 11/14825 21561,71 101
1791202438.827 14.72 21.94 18.86 9/14852 21561,22 101
1791202443.881 14.35 21.74 18.81 11/14831 21561,83 101
1791202448.933 14.48 21.65 18.80 10/14849 21561,95 101
1791202453.988 14.36 21.50 18.77 13/14828 21561,25 101
1791202459.042 14.17 21.34 18.73 9/14816 21561,18 101
1791202464.094 14.00 21.19 18.69 55/14657 21561,0 101
1791202469.158 13.52 20.97 18.64 17/14783 21561,85 101
1791202474.400 13.31 20.80 18.60 16/14866 21561,57 101
1791202479.455 13.21 20.66 18.56 12/14896 21561,78 101
1791202484.511 15.76 21.06 18.70 14/14923 21561,22 101
1791202489.570 15.78 20.98 18.69 13/14866 21561,70 101
1791202494.623 15.71 20.88 18.67 10/14975 21561,0 101
1791202499.688 15.34 20.71 18.63 8/14536 21561,37 101
1791202504.742 14.91 20.54 18.58 18/14646 21561,0 101
1791202509.800 14.59 20.38 18.54 8/14673 21561,0 101
1791202514.851 13.99 20.15 18.48 16/14730 21561,61 101
1791202519.904 13.75 20.00 18.44 10/14837 21561,0 101
1791202524.957 19.45 21.08 18.79 13/14849 21561,75 101
1791202530.018 18.78 20.91 18.75 11/14311 811,0 54
1791202535.220 18.23 20.77 18.71 7/14357 0,0 53
1791202540.272 16.90 20.39 18.62 10/14385 0,0 53
1791202545.325 16.35 20.22 18.57 9/14333 527,0 53
1791202550.379 15.92 20.07 18.53 11/14650 893,0 63
1791202555.432 15.12 19.83 18.46 11/14729 893,0 96
1791202560.491 14.71 19.67 18.41 15/14740 893,0 96
1791202565.549 14.10 19.46 18.35 9/14785 2181,0 96
1791202570.602 13.85 19.32 18.31 10/15018 2181,0 97
1791202575.655 13.62 19.18 18.27 11/14969 5801,0 96
1791202580.704 20.86 20.59 18.73 272/15232 5809,0 101
1791202585.763 20.39 20.50 18.71 10/15053 9571,11 101
1791202590.829 19.64 20.34 18.67 14/15054 11733,0 101
1791202595.988 19.10 20.22 18.64 9/15050 11735,0 101
1791202601.039 18.53 20.08 18.61 9/15123 16389,93 101
1791202606.093 17.85 19.91 18.56 12/15098 16389,2 101
1791202611.148 17.06 19.71 18.50 8/15103 16389,0 101
1791202616.203 16.50 19.55 18.46 16/15206 16389,77 101
1791202621.265 16.22 19.44 18.43 11/15155 16389,22 101
1791202626.321 15.72 19.29 18.38 9/15245 16391,34 101
1791202631.374 15.26 19.13 18.34 13/15190 16391,0 101
1791202636.429 15.00 19.01 18.30 17/15156 16391,2 101
1791202641.514 14.52 18.85 18.25 12/15165 16391,4 101
1791202646.567 14.40 18.75 18.22 11/15275 16391,0 101
1791202651.635 14.20 18.64 18.19 11/15256 16391,75 101
1791202656.750 13.95 18.51 18.15 13/15268 16391,90 101
1791202661.803 13.63 18.37 18.11 11/15234 16391,98 101
1791202666.856 13.42 18.25 18.07 10/15207 16391,4 101
1791202671.907 13.71 18.23 18.06 13/15230 16391,0 101
1791202676.961 14.05 18.22 18.06 11/15231 16391,0 101
1791202682.021 13.65 18.07 18.01 10/15211 16391,0 101
1791202687.077 13.27 17.92 17.96 17/15234 16391,0 101
1791202692.130 13.09 17.80 17.93 14/15219 16391,0 101
1791202697.189 13.00 17.71 17.89 9/15176 16393,0 101
1791202702.246 12.68 17.56 17.85 9/15202 16393,1 101
1791202707.296 12.79 17.50 17.83 10/15228 16393,4 101
1791202712.356 12.72 17.41 17.79 13/15218 16393,65 101
1791202717.475 12.51 17.29 17.75 14/15225 16393,0 101
1791202722.534 12.63 17.23 17.73 10/15217 16393,2 101
1791202727.587 12.18 17.06 17.67 12/15184 16393,84 101
1791202732.639 12.40 17.03 17.66 9/15227 16393,0 101
1791202737.691 12.05 16.88 17.61 34/15229 16393,0 101
1791202742.752 11.89 16.76 17.56 16/15217 16393,0 101
1791202747.804 11.97 16.70 17.54 11/15274 16393,0 101
1791202756.221 24.83 19.39 18.41 14/15185 16393,0 101
1791202761.273 23.80 19.27 18.38 13/15198 16393,2 104
1791202766.325 22.70 19.11 18.33 11/15216 16393,69 101
1791202771.378 21.76 18.98 18.29 10/15209 16393,87 101
1791202776.430 20.66 18.79 18.24 11/14948 16393,0 101
1791202781.486 21.41 18.98 18.30 9/14917 16393,2 101
1791202786.540 21.13 18.96 18.30 10/14870 16393,89 101
1791202791.594 20.64 18.90 18.28 11/14881 16393,81 101
1791202796.646 19.87 18.77 18.24 11/14895 16393,65 101
1791202801.699 25.00 19.85 18.59 10/14896 16393,0 101
1791202806.755 23.80 19.69 18.55 10/14940 16393,3 101
1791202811.807 22.94 19.57 18.52 10/14898 16393,3 101
1791202816.861 21.90 19.41 18.47 9/14866 16393,25 101
1791202821.916 21.35 19.34 18.45 11/14969 16393,1 101
1791202826.969 20.52 19.20 18.41 17/14951 16393,67 101
1791202832.020 19.84 19.08 18.38 10/14951 16393,42 101
1791202837.072 19.05 18.93 18.33 7/14962 16393,0 101
1791202842.124 18.08 18.73 18.27 10/14906 18805,1 101
1791202847.177 17.36 18.57 18.22 10/14899 18805,0 101
1791202852.228 16.85 18.45 18.18 13/14877 18805,45 101
1791202857.284 16.06 18.26 18.12 17/14896 18805,0 101
1791202862.340 15.65 18.14 18.08 13/14891 18805,0 101
1791202867.391 15.28 18.02 18.04 9/14909 18805,0 101
1791202872.441 14.78 17.87 18.00 14/14892 21561,0 101
1791202877.494 14.55 17.77 17.96 12/14790 21561,0 101
1791202882.545 14.11 17.62 17.91 11/14598 21561,1 101
1791202887.613 21.87 19.17 18.41 8/14605 21561,0 101
1791202892.666 21.00 19.04 18.37 20/14614 21561,94 101
1791202897.717 20.20 18.90 18.33 8/14490 21561,0 101
1791202902.775 33.79 21.74 19.26 8/14474 21561,4 101
1791202907.827 35.65 22.33 19.46 16/14309 21561,1 101
1791202912.881 33.36 22.08 19.39 7/14302 21561,72 101
1791202917.931 31.25 21.82 19.33 13/14332 21561,0 101
1791202922.983 33.15 22.38 19.52 10/14381 21561,81 101
1791202928.037 30.98 22.10 19.45 10/14376 21561,45 101
1791202933.090 29.06 21.85 19.38 9/14380 21561,3 101
1791202938.142 27.29 21.61 19.31 9/14369 21561,81 101
1791202943.193 25.82 21.40 19.26 8/14373 21561,0 101
1791202948.245 24.24 21.14 19.18 12/14382 21561,0 101
1791202953.294 23.10 20.96 19.13 9/14383 21561,0 101
1791202958.348 22.21 20.81 19.10 13/14393 21561,4 101
1791202963.398 21.07 20.59 19.04 9/14394 21561,16 101
1791202968.451 19.94 20.37 18.97 10/14399 21561,57 101
1791202973.505 18.99 20.16 18.91 7/14387 21561,0 104
1791202978.556 18.03 19.94 18.85 8/14382 21561,4 101
1791202983.610 36.12 23.66 20.06 10/14389 21561,99 101
1791202988.670 34.11 23.45 20.01 7/14395 21561,68 101
1791202993.727 48.68 26.65 21.06 12/14390 21561,42 101
1791202998.778 45.42 26.34 20.99 9/14370 21561,0 101
1791203003.831 42.66 26.08 20.94 7/14390 21561,0 101
1791203008.881 39.57 25.72 20.85 6/14382 21561,54 101
1791203013.933 37.28 25.47 20.79 5/14380 21561,57 101
1791203018.996 34.69 25.13 20.71 9/14398 21561,14 101
1791203024.052 32.72 24.88 20.65 10/14411 21561,56 101
1791203029.108 30.50 24.55 20.57 6/14380 21561,0 101
1791203034.158 28.53 24.24 20.49 12/14410 21561,0 101
1791203039.210 26.65 23.92 20.40 27/13996 0,0 53
1791203044.259 25.32 23.69 20.35 7/14007 0,0 53
1791203049.313 23.77 23.40 20.27 10/13988 0,0 53
1791203054.364 22.51 23.14 20.20 26/14321 657,0 63
1791203059.420 21.26 22.87 20.13 7/14395 893,0 64
1791203064.471 20.36 22.66 20.08 7/14534 893,0 96
1791203069.520 19.13 22.37 20.00 8/14532 893,0 96
1791203074.569 27.21 23.99 20.53 8/14568 2181,0 97
1791203079.620 26.15 23.82 20.50 10/14549 4193,0 96
1791203084.675 25.02 23.63 20.45 10/14558 5801,0 96
1791203089.727 23.89 23.42 20.40 10/14717 5809,0 101
1791203094.778 22.86 23.21 20.35 8/14564 11733,84 101
1791203099.829 21.75 22.97 20.29 9/14583 16389,99 101
1791203104.882 21.13 22.82 20.26 8/14554 16389,80 101
1791203109.947 20.32 22.63 20.21 15/14584 16391,88 101
1791203115.001 19.49 22.42 20.15 13/14566 16391,6 101
1791203120.054 20.89 22.66 20.24 10/14558 16391,0 101
1791203125.103 20.26 22.50 20.20 10/14573 16391,24 101
1791203130.158 19.36 22.27 20.14 12/14574 16391,70 101
1791203135.207 27.98 24.01 20.72 9/14580 16391,16 101
1791203145.668 24.11 23.34 20.55 17/14577 16393,44 101
1791203150.722 23.06 23.14 20.50 14/14559 16393,58 101
1791203155.775 22.09 22.94 20.45 18/14575 16393,83 101
1791203160.830 21.12 22.72 20.39 10/14576 16393,72 101
1791203165.884 22.31 22.94 20.47 16/14587 16393,37 101
1791203170.935 41.43 26.89 21.77 11/14604 16393,42 101
1791203176.001 39.07 26.65 21.71 9/14566 16393,27 101
1791203181.054 54.68 30.09 22.85 11/14561 16393,79 101
1791203186.107 50.86 29.71 22.77 15/14591 16393,76 101
1791203191.164 47.75 29.41 22.71 14/14576 18805,82 101
1791203196.217 44.73 29.09 22.64 131/14604 18805,22 101
1791203201.272 42.19 28.82 22.59 19/14611 21561,3 101
1791203206.338 39.85 28.56 22.54 10/14539 21561,42 101
1791203211.393 37.86 28.33 22.50 12/14567 21561,36 101
1791203216.444 35.63 28.03 22.43 12/14590 21561,36 101
1791203221.500 34.06 27.83 22.40 12/14573 21561,9 101
1791203226.553 31.89 27.48 22.31 19/14614 21561,11 101
1791203231.607 29.98 27.16 22.24 9/14590 21561,87 101
1791203236.667 28.62 26.92 22.19 11/14563 21561,23 101
1791203241.722 27.85 26.79 22.17 13/14574 21561,93 101
1791203246.776 26.34 26.50 22.10 7/14590 21561,37 101
1791203251.831 25.19 26.26 22.04 12/14576 21561,30 101
1791203256.883 23.97 25.99 21.98 11/14609 21561,55 101
1791203261.935 22.85 25.72 21.91 13/14598 21561,46 101
1791203266.995 21.50 25.39 21.83 11/14150 815,0 54
1791203272.045 20.82 25.19 21.78 11/14190 0,0 53
1791203277.096 19.79 24.90 21.71 14/14252 0,0 53
1791203282.148 19.01 24.65 21.64 9/14172 0,0 53
1791203287.199 18.21 24.39 21.57 47/14518 891,1 63
1791203292.254 17.15 24.07 21.49 10/14556 893,0 64
1791203297.304 16.58 23.84 21.42 11/14544 893,0 96
1791203302.355 15.97 23.59 21.36 11/14577 893,0 97
1791203307.404 15.65 23.40 21.31 10/14578 2201,0 97
1791203312.456 15.44 23.22 21.26 13/14669 4213,0 99
1791203317.506 14.84 22.97 21.19 11/14628 5829,5 96
1791203322.555 14.70 22.81 21.15 10/14812 5829,0 101
1791203327.616 14.48 22.63 21.10 13/14599 11755,70 101
1791203332.669 15.24 22.65 21.11 10/14617 16409,78 101
1791203337.727 14.66 22.41 21.04 11/14631 16411,51 101
1791203342.786 14.13 22.17 20.97 12/14640 16411,71 101
1791203347.840 13.88 21.98 20.92 10/14636 16411,98 101
1791203352.889 13.49 21.76 20.85 8/14530 16411,32 101
1791203357.950 13.13 21.55 20.79 23/14498 16411,55 101
1791203363.006 12.88 21.36 20.73 9/14522 16413,56 101
1791203368.059 12.49 21.14 20.66 17/14558 16413,78 101
1791203373.115 12.05 20.90 20.59 11/14530 16413,62 101
1791203378.168 12.20 20.79 20.55 8/14542 16413,69 101
1791203383.221 12.03 20.61 20.50 10/14546 16413,27 101
1791203388.287 12.35 20.53 20.47 14/14525 16413,80 101
1791203393.340 12.48 20.42 20.44 8/14527 16413,48 101
1791203398.392 12.36 20.27 20.38 10/14546 16413,56 101
1791203403.443 12.17 20.10 20.33 8/14540 16413,75 101
1791203408.494 12.00 19.93 20.27 25/14320 18827,54 101
1791203413.543 12.08 19.81 20.23 10/14359 18827,57 101
1791203418.602 11.59 19.58 20.16 8/14340 21581,38 101
1791203423.658 11.70 19.47 20.12 6/14358 21581,52 101
1791203428.712 11.41 19.28 20.05 8/14373 21581,66 101
1791203433.768 11.37 19.15 20.00 12/14380 21581,75 101
1791203438.823 11.26 18.99 19.95 10/14375 21581,71 101
1791203443.872 11.16 18.84 19.90 10/14376 21581,62 101
1791203448.933 10.91 18.66 19.83 10/14348 21581,70 104
1791203453.989 10.52 18.45 19.76 7/14364 21581,64 101
1791203459.042 10.63 18.35 19.72 34/14396 21581,78 101
1791203464.097 10.66 18.22 19.67 10/14371 21581,92 101
1791203469.151 10.29 18.02 19.59 10/14390 21581,76 101
1791203474.202 15.71 19.02 19.91 7/13969 819,0 54
1791203479.265 15.17 18.85 19.85 6/13937 0,0 47
